customer_id_legacy,transaction_id,purchase_amount,customer_rating,purchase_amount_noisy,purchase_date,customer_id_new,social_media_platform,engagement_score,purchase_interest_score,review_sentiment,customer_engagement_score,moving_avg_purchase,purchase_month,monthly_total_spend,monthly_avg_spend,product_category_Books,product_category_Clothing,product_category_Electronics,product_category_Groceries,product_category_Sports,avg_spent_last_3
151.0,1001.0,408.0,2.3,432.8814739353145,2024-01-01,A176,Facebook,70.0,3.3,Negative,43.32,408.0,2024-01,408.0,408.0,False,False,False,False,True,408.0
192.0,1002.0,332.0,4.2,336.53230481554374,2024-01-02,A156,Instagram,52.0,4.9,Positive,33.16,332.0,2024-01,332.0,332.0,False,False,True,False,False,332.0
114.0,1003.0,442.0,2.1,450.8371601758281,2024-01-03,A171,Unknown,78.0,3.5,Neutral,48.199999999999996,442.0,2024-01,442.0,442.0,False,False,True,False,False,442.0
171.0,1004.0,256.0,2.8,281.10766399109025,2024-01-04,,Unknown,78.0,3.5,Neutral,48.199999999999996,256.0,2024-01,256.0,256.0,False,True,False,False,False,256.0
160.0,1005.0,64.0,1.3,67.06644558662776,2024-01-05,,Unknown,78.0,3.5,Neutral,48.199999999999996,64.0,2024-01,64.0,64.0,False,True,False,False,False,64.0
120.0,1006.0,395.0,1.1,431.6834608521383,2024-01-06,A159,Unknown,78.0,3.5,Neutral,48.199999999999996,395.0,2024-01,1205.7690152881487,301.4422538220372,False,False,False,True,False,395.0
182.0,1007.0,91.0,4.9,98.15740380711374,2024-01-07,A193,TikTok,69.0,2.6,Negative,42.44,91.0,2024-01,91.0,91.0,False,False,False,False,True,91.0
186.0,1008.0,429.0,4.3,437.470894664804,2024-01-08,A160,TikTok,56.0,2.6,Positive,34.64,429.0,2024-01,1287.0,429.0,False,True,False,False,False,429.0
186.0,1008.0,429.0,4.3,437.470894664804,2024-01-08,A160,LinkedIn,73.0,2.0,Neutral,44.599999999999994,429.0,2024-01,1287.0,429.0,False,True,False,False,False,429.0
186.0,1008.0,429.0,4.3,437.470894664804,2024-01-08,A160,Instagram,89.0,2.9,Neutral,54.559999999999995,429.0,2024-01,1287.0,429.0,False,True,False,False,False,429.0
174.0,1009.0,228.0,3.8,237.85746832679408,2024-01-09,A148,Facebook,75.0,1.7,Neutral,45.68,228.0,2024-01,552.9095331431124,138.2273832857781,False,False,True,False,False,228.0
174.0,1010.0,112.0,2.6,107.81274880112116,2024-01-10,A148,Facebook,75.0,1.7,Neutral,45.68,170.0,2024-01,552.9095331431124,138.2273832857781,False,False,False,False,True,170.0
187.0,1011.0,401.0,1.7,412.04374417028,2024-01-11,A124,TikTok,75.0,4.6,Neutral,46.84,401.0,2024-01,2571.0,428.5,False,False,False,False,True,401.0
187.0,1011.0,401.0,1.7,412.04374417028,2024-01-11,A124,Facebook,95.0,3.7,Positive,58.48,401.0,2024-01,2571.0,428.5,False,False,False,False,True,401.0
187.0,1011.0,401.0,1.7,412.04374417028,2024-01-11,A124,LinkedIn,77.0,3.2,Positive,47.48,401.0,2024-01,2571.0,428.5,False,False,False,False,True,401.0
199.0,1012.0,280.0,1.6,272.0275480162608,2024-01-12,A178,LinkedIn,74.0,4.9,Positive,46.36,280.0,2024-01,1675.543050784775,279.2571751307958,False,False,True,False,False,280.0
199.0,1012.0,280.0,1.6,272.0275480162608,2024-01-12,A178,LinkedIn,53.0,1.5,Neutral,32.4,280.0,2024-01,1675.543050784775,279.2571751307958,False,False,True,False,False,280.0
199.0,1012.0,280.0,1.6,272.0275480162608,2024-01-12,A178,TikTok,68.0,3.5,Negative,42.199999999999996,280.0,2024-01,1675.543050784775,279.2571751307958,False,False,True,False,False,280.0
123.0,1013.0,290.0,2.0,286.2365450325248,2024-01-13,,Unknown,78.0,3.5,Neutral,48.199999999999996,290.0,2024-01,290.0,290.0,False,True,False,False,False,290.0
102.0,1014.0,101.0,3.2,99.56691764990413,2024-01-14,,Unknown,78.0,3.5,Neutral,48.199999999999996,101.0,2024-01,101.0,101.0,False,False,True,False,False,101.0
121.0,1015.0,145.0,3.9,143.30331945180444,2024-01-15,A185,TikTok,90.0,3.4,Neutral,55.36,145.0,2024-01,2084.09221801932,173.67435150161,False,False,False,False,True,145.0
121.0,1015.0,145.0,3.9,143.30331945180444,2024-01-15,A185,Facebook,78.0,2.4,Positive,47.76,145.0,2024-01,2084.09221801932,173.67435150161,False,False,False,False,True,145.0
121.0,1015.0,145.0,3.9,143.30331945180444,2024-01-15,A185,TikTok,59.0,3.6,Positive,36.839999999999996,145.0,2024-01,2084.09221801932,173.67435150161,False,False,False,False,True,145.0
121.0,1015.0,145.0,3.9,143.30331945180444,2024-01-15,A185,TikTok,50.0,1.5,Negative,30.6,145.0,2024-01,2084.09221801932,173.67435150161,False,False,False,False,True,145.0
152.0,1016.0,437.0,3.6,452.5087078347906,2024-01-16,A152,Facebook,95.0,4.1,Positive,58.64,437.0,2024-01,874.0,437.0,True,False,False,False,False,437.0
152.0,1016.0,437.0,3.6,452.5087078347906,2024-01-16,A152,Instagram,81.0,4.2,Positive,50.28,437.0,2024-01,874.0,437.0,True,False,False,False,False,437.0
101.0,1017.0,271.0,2.1,269.9847887974025,2024-01-17,A116,Twitter,78.0,1.1,Negative,47.239999999999995,271.0,2024-01,3218.7261071939706,214.58174047959804,True,False,False,False,False,271.0
101.0,1017.0,271.0,2.1,269.9847887974025,2024-01-17,A116,LinkedIn,89.0,2.4,Neutral,54.36,271.0,2024-01,3218.7261071939706,214.58174047959804,True,False,False,False,False,271.0
101.0,1017.0,271.0,2.1,269.9847887974025,2024-01-17,A116,Instagram,81.0,4.6,Neutral,50.44,271.0,2024-01,3218.7261071939706,214.58174047959804,True,False,False,False,False,271.0
101.0,1017.0,271.0,2.1,269.9847887974025,2024-01-17,A116,TikTok,83.0,1.2,Negative,50.279999999999994,271.0,2024-01,3218.7261071939706,214.58174047959804,True,False,False,False,False,271.0
187.0,1018.0,456.0,4.8,448.16309322871615,2024-01-18,A124,TikTok,75.0,4.6,Neutral,46.84,419.3333333333333,2024-01,2571.0,428.5,False,False,False,True,False,419.3333333333333
187.0,1018.0,456.0,4.8,448.16309322871615,2024-01-18,A124,Facebook,95.0,3.7,Positive,58.48,437.6666666666667,2024-01,2571.0,428.5,False,False,False,True,False,437.6666666666667
187.0,1018.0,456.0,4.8,448.16309322871615,2024-01-18,A124,LinkedIn,77.0,3.2,Positive,47.48,456.0,2024-01,2571.0,428.5,False,False,False,True,False,456.0
129.0,1019.0,280.0,4.0,303.9863888103034,2024-01-19,A114,Facebook,87.0,4.8,Negative,54.12,280.0,2024-01,280.0,280.0,False,False,True,False,False,280.0
137.0,1020.0,286.0,3.2,293.72413717206314,2024-01-20,A149,Facebook,51.0,1.3,Positive,31.119999999999997,286.0,2024-01,286.0,286.0,False,False,True,False,False,286.0
101.0,1021.0,192.0,3.4,197.33325671385228,2024-01-21,A116,Twitter,78.0,1.1,Negative,47.239999999999995,244.66666666666666,2024-01,3218.7261071939706,214.58174047959804,False,False,False,True,False,244.66666666666666
101.0,1021.0,192.0,3.4,197.33325671385228,2024-01-21,A116,LinkedIn,89.0,2.4,Neutral,54.36,218.33333333333334,2024-01,3218.7261071939706,214.58174047959804,False,False,False,True,False,218.33333333333334
101.0,1021.0,192.0,3.4,197.33325671385228,2024-01-21,A116,Instagram,81.0,4.6,Neutral,50.44,192.0,2024-01,3218.7261071939706,214.58174047959804,False,False,False,True,False,192.0
101.0,1021.0,192.0,3.4,197.33325671385228,2024-01-21,A116,TikTok,83.0,1.2,Negative,50.279999999999994,192.0,2024-01,3218.7261071939706,214.58174047959804,False,False,False,True,False,192.0
101.0,1021.0,192.0,3.4,197.33325671385228,2024-01-21,A116,Twitter,78.0,1.1,Negative,47.239999999999995,192.0,2024-01,3218.7261071939706,214.58174047959804,False,False,False,True,False,192.0
163.0,1022.0,220.0,2.7,233.92145588194157,2024-01-22,A180,Facebook,57.0,3.8,Negative,35.72,220.0,2024-01,440.0,220.0,False,False,False,True,False,220.0
163.0,1022.0,220.0,2.7,233.92145588194157,2024-01-22,A180,LinkedIn,98.0,2.1,Negative,59.64,220.0,2024-01,440.0,220.0,False,False,False,True,False,220.0
159.0,1023.0,78.0,2.0,84.15359272588854,2024-01-23,A170,Unknown,78.0,3.5,Neutral,48.199999999999996,78.0,2024-01,78.0,78.0,False,False,False,True,False,78.0
120.0,1024.0,85.0,2.4,84.11412267135829,2024-01-24,A159,Unknown,78.0,3.5,Neutral,48.199999999999996,240.0,2024-01,1205.7690152881487,301.4422538220372,False,False,False,False,True,240.0
132.0,1025.0,62.0,4.0,66.49976774364909,2024-01-25,A134,Unknown,78.0,3.5,Neutral,48.199999999999996,62.0,2024-01,62.0,62.0,False,False,True,False,False,62.0
175.0,1026.0,209.0,1.1,223.87153596132933,2024-01-26,A176,Facebook,70.0,3.3,Negative,43.32,209.0,2024-01,209.0,209.0,False,False,False,False,True,209.0
157.0,1027.0,376.0,1.5,384.28911395013387,2024-01-27,A168,LinkedIn,60.0,4.4,Positive,37.76,376.0,2024-01,376.0,376.0,False,False,False,True,False,376.0
121.0,1028.0,236.0,1.2,240.7378965529024,2024-01-28,A185,TikTok,90.0,3.4,Neutral,55.36,175.33333333333334,2024-01,2084.09221801932,173.67435150161,False,False,True,False,False,175.33333333333334
121.0,1028.0,236.0,1.2,240.7378965529024,2024-01-28,A185,Facebook,78.0,2.4,Positive,47.76,205.66666666666666,2024-01,2084.09221801932,173.67435150161,False,False,True,False,False,205.66666666666666
121.0,1028.0,236.0,1.2,240.7378965529024,2024-01-28,A185,TikTok,59.0,3.6,Positive,36.839999999999996,236.0,2024-01,2084.09221801932,173.67435150161,False,False,True,False,False,236.0
121.0,1028.0,236.0,1.2,240.7378965529024,2024-01-28,A185,TikTok,50.0,1.5,Negative,30.6,236.0,2024-01,2084.09221801932,173.67435150161,False,False,True,False,False,236.0
188.0,1029.0,292.0,1.2,274.9643338545888,2024-01-29,A192,Instagram,60.0,4.3,Positive,37.72,292.0,2024-01,292.0,292.0,False,False,False,False,True,292.0
148.0,1030.0,135.0,4.4,142.17146604110172,2024-01-30,,Unknown,78.0,3.5,Neutral,48.199999999999996,135.0,2024-01,277.5365469395101,138.76827346975506,False,False,False,False,True,135.0
190.0,1031.0,333.0,3.8,314.457921376692,2024-01-31,A133,Twitter,72.0,1.9,Positive,43.959999999999994,333.0,2024-01,999.0,333.0,False,False,False,True,False,333.0
190.0,1031.0,333.0,3.8,314.457921376692,2024-01-31,A133,Twitter,71.0,4.8,Negative,44.52,333.0,2024-01,999.0,333.0,False,False,False,True,False,333.0
190.0,1031.0,333.0,3.8,314.457921376692,2024-01-31,A133,Instagram,52.0,2.7,Positive,32.28,333.0,2024-01,999.0,333.0,False,False,False,True,False,333.0
158.0,1032.0,115.0,2.9,114.37381039631067,2024-02-01,A126,TikTok,75.0,3.1,Neutral,46.24,115.0,2024-02,230.0,115.0,False,False,True,False,False,115.0
158.0,1032.0,115.0,2.9,114.37381039631067,2024-02-01,A126,Facebook,98.0,4.3,Negative,60.519999999999996,115.0,2024-02,230.0,115.0,False,False,True,False,False,115.0
141.0,1033.0,219.0,1.4,225.6893829874844,2024-02-02,A107,Twitter,96.0,1.9,Neutral,58.35999999999999,219.0,2024-02,657.0,219.0,False,False,False,True,False,219.0
141.0,1033.0,219.0,1.4,225.6893829874844,2024-02-02,A107,Facebook,62.0,4.4,Positive,38.959999999999994,219.0,2024-02,657.0,219.0,False,False,False,True,False,219.0
141.0,1033.0,219.0,1.4,225.6893829874844,2024-02-02,A107,Twitter,73.0,4.2,Positive,45.48,219.0,2024-02,657.0,219.0,False,False,False,True,False,219.0
191.0,1034.0,94.0,3.0,98.25801445140628,2024-02-03,A114,Facebook,87.0,4.8,Negative,54.12,94.0,2024-02,94.0,94.0,False,False,True,False,False,94.0
159.0,1035.0,111.0,2.9,100.90027979255925,2024-02-04,A170,Unknown,78.0,3.5,Neutral,48.199999999999996,94.5,2024-02,606.0,303.0,True,False,False,False,False,94.5
179.0,1036.0,490.0,1.7,489.0720807879351,2024-02-05,A111,Instagram,98.0,4.1,Negative,60.44,490.0,2024-02,490.0,490.0,False,True,False,False,False,490.0
114.0,1037.0,183.0,2.7,169.12777460500237,2024-02-06,A171,Unknown,78.0,3.5,Neutral,48.199999999999996,312.5,2024-02,183.0,183.0,False,True,False,False,False,312.5
161.0,1038.0,333.0,2.6,354.6982639016836,2024-02-07,A118,Facebook,76.0,3.9,Negative,47.160000000000004,333.0,2024-02,503.0,167.66666666666666,False,True,False,False,False,333.0
161.0,1039.0,77.0,3.0,75.46785881013174,2024-02-08,A118,Facebook,76.0,3.9,Negative,47.160000000000004,205.0,2024-02,503.0,167.66666666666666,False,False,False,True,False,205.0
146.0,1040.0,157.0,3.5,145.33069550919706,2024-02-09,A196,Instagram,85.0,3.9,Negative,52.56,157.0,2024-02,157.0,157.0,True,False,False,False,False,157.0
161.0,1041.0,93.0,1.2,87.77726293422407,2024-02-10,A118,Facebook,76.0,3.9,Negative,47.160000000000004,167.66666666666666,2024-02,503.0,167.66666666666666,False,False,True,False,False,167.66666666666666
150.0,1042.0,389.0,3.0,423.20364409666126,2024-02-11,A143,Instagram,68.0,1.2,Negative,41.279999999999994,389.0,2024-02,1339.490785496901,334.87269637422526,False,False,False,False,True,389.0
154.0,1043.0,335.0,3.0,343.35605196137635,2024-02-12,,Unknown,78.0,3.5,Neutral,48.199999999999996,335.0,2024-02,335.0,335.0,False,False,True,False,False,335.0
163.0,1044.0,495.0,3.0,481.9242574880631,2024-02-13,A180,Facebook,57.0,3.8,Negative,35.72,311.6666666666667,2024-02,990.0,495.0,False,False,False,False,True,311.6666666666667
163.0,1044.0,495.0,3.0,481.9242574880631,2024-02-13,A180,LinkedIn,98.0,2.1,Negative,59.64,403.3333333333333,2024-02,990.0,495.0,False,False,False,False,True,403.3333333333333
102.0,1045.0,380.0,4.4,416.8644371059577,2024-02-14,,Unknown,78.0,3.5,Neutral,48.199999999999996,240.5,2024-02,380.0,380.0,False,False,True,False,False,240.5
150.0,1046.0,177.0,3.6,193.9922223503935,2024-02-15,A143,Instagram,68.0,1.2,Negative,41.279999999999994,283.0,2024-02,1339.490785496901,334.87269637422526,True,False,False,False,False,283.0
106.0,1047.0,397.0,1.7,363.160372135134,2024-02-16,A102,LinkedIn,51.0,4.8,Neutral,32.519999999999996,397.0,2024-02,397.0,397.0,False,False,False,False,True,397.0
120.0,1048.0,280.0,1.3,295.326479820007,2024-02-17,A159,Unknown,78.0,3.5,Neutral,48.199999999999996,253.33333333333334,2024-02,280.0,280.0,False,False,False,True,False,253.33333333333334
172.0,1049.0,239.0,3.6,215.29653015961287,2024-02-18,,Unknown,78.0,3.5,Neutral,48.199999999999996,239.0,2024-02,239.0,239.0,False,False,True,False,False,239.0
138.0,1050.0,274.0,1.1,280.6645399469211,2024-02-19,A124,TikTok,75.0,4.6,Neutral,46.84,274.0,2024-02,822.0,274.0,False,False,True,False,False,274.0
138.0,1050.0,274.0,1.1,280.6645399469211,2024-02-19,A124,Facebook,95.0,3.7,Positive,58.48,274.0,2024-02,822.0,274.0,False,False,True,False,False,274.0
138.0,1050.0,274.0,1.1,280.6645399469211,2024-02-19,A124,LinkedIn,77.0,3.2,Positive,47.48,274.0,2024-02,822.0,274.0,False,False,True,False,False,274.0
117.0,1051.0,434.0,3.3,426.8285800318983,2024-02-20,,Unknown,78.0,3.5,Neutral,48.199999999999996,434.0,2024-02,434.0,434.0,False,False,False,False,True,434.0
103.0,1052.0,426.0,4.8,428.6364945851689,2024-02-21,A194,LinkedIn,89.0,4.0,Negative,55.0,426.0,2024-02,426.0,426.0,False,False,False,True,False,426.0
188.0,1053.0,332.0,3.3,309.16063767779923,2024-02-22,A192,Instagram,60.0,4.3,Positive,37.72,312.0,2024-02,332.0,332.0,False,False,False,True,False,312.0
159.0,1054.0,495.0,2.6,533.9023978473656,2024-02-23,A170,Unknown,78.0,3.5,Neutral,48.199999999999996,228.0,2024-02,606.0,303.0,True,False,False,False,False,228.0
113.0,1055.0,170.0,3.6,175.09607379401314,2024-02-24,A196,Instagram,85.0,3.9,Negative,52.56,170.0,2024-02,170.0,170.0,False,False,False,True,False,170.0
108.0,1056.0,165.0,2.8,171.94256662443055,2024-02-25,,Unknown,78.0,3.5,Neutral,48.199999999999996,165.0,2024-02,165.0,165.0,False,False,False,True,False,165.0
189.0,1057.0,282.0,3.2,296.4290212123544,2024-02-26,A173,TikTok,63.0,4.3,Negative,39.519999999999996,282.0,2024-02,1137.6477270210976,284.4119317552744,False,False,False,True,False,282.0
189.0,1057.0,282.0,3.2,296.4290212123544,2024-02-26,A173,Facebook,78.0,3.9,Negative,48.36,282.0,2024-02,1137.6477270210976,284.4119317552744,False,False,False,True,False,282.0
152.0,1058.0,308.0,4.8,326.072410452454,2024-02-27,A152,Facebook,95.0,4.1,Positive,58.64,394.0,2024-02,616.0,308.0,False,True,False,False,False,394.0
152.0,1058.0,308.0,4.8,326.072410452454,2024-02-27,A152,Instagram,81.0,4.2,Positive,50.28,351.0,2024-02,616.0,308.0,False,True,False,False,False,351.0
101.0,1059.0,408.0,2.5,391.28120289975794,2024-02-28,A116,Twitter,78.0,1.1,Negative,47.239999999999995,264.0,2024-02,2040.0,408.0,True,False,False,False,False,264.0
101.0,1059.0,408.0,2.5,391.28120289975794,2024-02-28,A116,LinkedIn,89.0,2.4,Neutral,54.36,336.0,2024-02,2040.0,408.0,True,False,False,False,False,336.0
101.0,1059.0,408.0,2.5,391.28120289975794,2024-02-28,A116,Instagram,81.0,4.6,Neutral,50.44,408.0,2024-02,2040.0,408.0,True,False,False,False,False,408.0
101.0,1059.0,408.0,2.5,391.28120289975794,2024-02-28,A116,TikTok,83.0,1.2,Negative,50.279999999999994,408.0,2024-02,2040.0,408.0,True,False,False,False,False,408.0
101.0,1059.0,408.0,2.5,391.28120289975794,2024-02-28,A116,Twitter,78.0,1.1,Negative,47.239999999999995,408.0,2024-02,2040.0,408.0,True,False,False,False,False,408.0
183.0,1060.0,247.0,4.8,228.1558236204356,2024-02-29,A183,TikTok,90.0,4.1,Positive,55.64,247.0,2024-02,1005.0354997867207,251.25887494668018,False,False,True,False,False,247.0
183.0,1060.0,247.0,4.8,228.1558236204356,2024-02-29,A183,TikTok,72.0,5.0,Positive,45.199999999999996,247.0,2024-02,1005.0354997867207,251.25887494668018,False,False,True,False,False,247.0
191.0,1061.0,460.0,4.6,470.1681867112874,2024-03-01,A114,Facebook,87.0,4.8,Negative,54.12,277.0,2024-03,883.0983564036515,441.5491782018257,False,False,False,False,True,277.0
159.0,1062.0,186.0,1.8,186.7706163591461,2024-03-02,A170,Unknown,78.0,3.5,Neutral,48.199999999999996,264.0,2024-03,186.0,186.0,False,False,True,False,False,264.0
170.0,1063.0,367.0,1.3,343.2577730686538,2024-03-03,A181,Twitter,66.0,2.1,Positive,40.440000000000005,367.0,2024-03,367.0,367.0,True,False,False,False,False,367.0
143.0,1064.0,214.0,1.4,211.7282092559255,2024-03-04,,Unknown,78.0,3.5,Neutral,48.199999999999996,214.0,2024-03,649.0,324.5,False,False,False,False,True,214.0
107.0,1065.0,274.0,1.1,295.3655032176667,2024-03-05,,Unknown,78.0,3.5,Neutral,48.199999999999996,274.0,2024-03,274.0,274.0,True,False,False,False,False,274.0
146.0,1066.0,356.0,1.4,346.234107506914,2024-03-06,A196,Instagram,85.0,3.9,Negative,52.56,256.5,2024-03,356.0,356.0,False,False,False,True,False,256.5
134.0,1067.0,283.0,3.7,272.62175413829607,2024-03-07,A120,Facebook,83.0,1.4,Positive,50.36,283.0,2024-03,849.0,283.0,False,False,False,False,True,283.0
134.0,1067.0,283.0,3.7,272.62175413829607,2024-03-07,A120,Instagram,56.0,3.0,Positive,34.800000000000004,283.0,2024-03,849.0,283.0,False,False,False,False,True,283.0
134.0,1067.0,283.0,3.7,272.62175413829607,2024-03-07,A120,Instagram,92.0,3.6,Positive,56.63999999999999,283.0,2024-03,849.0,283.0,False,False,False,False,True,283.0
177.0,1068.0,221.0,1.3,209.65302875362408,2024-03-08,A183,TikTok,90.0,4.1,Positive,55.64,221.0,2024-03,442.0,221.0,False,False,False,True,False,221.0
177.0,1068.0,221.0,1.3,209.65302875362408,2024-03-08,A183,TikTok,72.0,5.0,Positive,45.199999999999996,221.0,2024-03,442.0,221.0,False,False,False,True,False,221.0
180.0,1069.0,201.0,2.3,188.89511348078656,2024-03-09,A131,LinkedIn,87.0,3.0,Positive,53.4,201.0,2024-03,201.0,201.0,False,False,True,False,False,201.0
135.0,1070.0,364.0,3.0,355.31783438808503,2024-03-10,A129,Twitter,54.0,4.5,Neutral,34.199999999999996,364.0,2024-03,364.0,364.0,False,False,True,False,False,364.0
149.0,1071.0,423.0,1.1,413.322075239396,2024-03-11,A131,LinkedIn,87.0,3.0,Positive,53.4,423.0,2024-03,423.0,423.0,False,False,False,False,True,423.0
103.0,1072.0,209.0,4.3,201.41086365664785,2024-03-12,A194,LinkedIn,89.0,4.0,Negative,55.0,317.5,2024-03,371.0,185.5,False,False,False,False,True,317.5
101.0,1073.0,145.0,2.1,149.5658543494382,2024-03-13,A116,Twitter,78.0,1.1,Negative,47.239999999999995,320.3333333333333,2024-03,725.0,145.0,True,False,False,False,False,320.3333333333333
101.0,1073.0,145.0,2.1,149.5658543494382,2024-03-13,A116,LinkedIn,89.0,2.4,Neutral,54.36,232.66666666666666,2024-03,725.0,145.0,True,False,False,False,False,232.66666666666666
101.0,1073.0,145.0,2.1,149.5658543494382,2024-03-13,A116,Instagram,81.0,4.6,Neutral,50.44,145.0,2024-03,725.0,145.0,True,False,False,False,False,145.0
101.0,1073.0,145.0,2.1,149.5658543494382,2024-03-13,A116,TikTok,83.0,1.2,Negative,50.279999999999994,145.0,2024-03,725.0,145.0,True,False,False,False,False,145.0
101.0,1073.0,145.0,2.1,149.5658543494382,2024-03-13,A116,Twitter,78.0,1.1,Negative,47.239999999999995,145.0,2024-03,725.0,145.0,True,False,False,False,False,145.0
105.0,1074.0,282.0,1.5,281.1028652974952,2024-03-14,A163,TikTok,53.0,4.0,Neutral,33.4,282.0,2024-03,564.0,282.0,True,False,False,False,False,282.0
105.0,1074.0,282.0,1.5,281.1028652974952,2024-03-14,A163,TikTok,96.0,3.2,Neutral,58.879999999999995,282.0,2024-03,564.0,282.0,True,False,False,False,False,282.0
153.0,1075.0,229.0,3.8,240.2685368986269,2024-03-15,,Unknown,78.0,3.5,Neutral,48.199999999999996,229.0,2024-03,596.0,298.0,False,False,False,True,False,229.0
103.0,1076.0,162.0,3.5,161.31031102400914,2024-03-16,A194,LinkedIn,89.0,4.0,Negative,55.0,265.6666666666667,2024-03,371.0,185.5,False,False,False,False,True,265.6666666666667
153.0,1077.0,367.0,4.5,371.0799397535783,2024-03-17,,Unknown,78.0,3.5,Neutral,48.199999999999996,298.0,2024-03,596.0,298.0,False,False,True,False,False,298.0
192.0,1078.0,491.0,3.9,486.3699964607464,2024-03-18,A156,Instagram,52.0,4.9,Positive,33.16,411.5,2024-03,491.0,491.0,True,False,False,False,False,411.5
162.0,1079.0,101.0,4.2,110.06055995025028,2024-03-19,A126,TikTok,75.0,3.1,Neutral,46.24,101.0,2024-03,202.0,101.0,True,False,False,False,False,101.0
162.0,1079.0,101.0,4.2,110.06055995025028,2024-03-19,A126,Facebook,98.0,4.3,Negative,60.519999999999996,101.0,2024-03,202.0,101.0,True,False,False,False,False,101.0
117.0,1080.0,317.0,2.1,310.44072047065487,2024-03-20,,Unknown,78.0,3.5,Neutral,48.199999999999996,375.5,2024-03,317.0,317.0,False,False,True,False,False,375.5
189.0,1081.0,344.0,3.0,311.2125235389792,2024-03-21,A173,TikTok,63.0,4.3,Negative,39.519999999999996,302.6666666666667,2024-03,688.0,344.0,True,False,False,False,False,302.6666666666667
189.0,1081.0,344.0,3.0,311.2125235389792,2024-03-21,A173,Facebook,78.0,3.9,Negative,48.36,323.3333333333333,2024-03,688.0,344.0,True,False,False,False,False,323.3333333333333
143.0,1082.0,435.0,4.0,404.7438958799021,2024-03-22,,Unknown,78.0,3.5,Neutral,48.199999999999996,324.5,2024-03,649.0,324.5,False,False,False,True,False,324.5
133.0,1083.0,436.0,4.2,410.1555734784857,2024-03-23,,Unknown,78.0,3.5,Neutral,48.199999999999996,436.0,2024-03,436.0,436.0,False,False,False,False,True,436.0
173.0,1084.0,162.0,5.0,152.62203453134208,2024-03-24,A194,LinkedIn,89.0,4.0,Negative,55.0,162.0,2024-03,162.0,162.0,False,False,True,False,False,162.0
161.0,1085.0,150.0,2.7,135.26879531839714,2024-03-25,A118,Facebook,76.0,3.9,Negative,47.160000000000004,106.66666666666667,2024-03,150.0,150.0,False,False,False,False,True,106.66666666666667
199.0,1086.0,162.0,2.5,154.6971862572997,2024-03-26,A178,LinkedIn,74.0,4.9,Positive,46.36,240.66666666666666,2024-03,486.0,162.0,True,False,False,False,False,240.66666666666666
199.0,1086.0,162.0,2.5,154.6971862572997,2024-03-26,A178,LinkedIn,53.0,1.5,Neutral,32.4,201.33333333333334,2024-03,486.0,162.0,True,False,False,False,False,201.33333333333334
199.0,1086.0,162.0,2.5,154.6971862572997,2024-03-26,A178,TikTok,68.0,3.5,Negative,42.199999999999996,162.0,2024-03,486.0,162.0,True,False,False,False,False,162.0
113.0,1087.0,489.0,4.1,465.97874143870064,2024-03-27,A196,Instagram,85.0,3.9,Negative,52.56,329.5,2024-03,940.2222230876678,470.1111115438339,True,False,False,False,False,329.5
194.0,1088.0,130.0,2.4,139.17824171322363,2024-03-28,A110,Unknown,78.0,3.5,Neutral,48.199999999999996,130.0,2024-03,130.0,130.0,False,False,True,False,False,130.0
147.0,1089.0,236.0,3.0,244.1800614965168,2024-03-29,A159,Unknown,78.0,3.5,Neutral,48.199999999999996,236.0,2024-03,236.0,236.0,False,False,False,True,False,236.0
114.0,1090.0,162.0,4.4,161.68141296888018,2024-03-30,A171,Unknown,78.0,3.5,Neutral,48.199999999999996,262.3333333333333,2024-03,162.0,162.0,False,True,False,False,False,262.3333333333333
171.0,1091.0,51.0,2.7,50.7962303100877,2024-03-31,,Unknown,78.0,3.5,Neutral,48.199999999999996,153.5,2024-03,51.0,51.0,False,False,True,False,False,153.5
177.0,1092.0,179.0,4.0,192.0602938724034,2024-04-01,A183,TikTok,90.0,4.1,Positive,55.64,207.0,2024-04,700.6006960410389,175.15017401025972,False,True,False,False,False,207.0
177.0,1092.0,179.0,4.0,192.0602938724034,2024-04-01,A183,TikTok,72.0,5.0,Positive,45.199999999999996,193.0,2024-04,700.6006960410389,175.15017401025972,False,True,False,False,False,193.0
186.0,1093.0,269.0,4.0,252.2203280067965,2024-04-02,A160,TikTok,56.0,2.6,Positive,34.64,375.6666666666667,2024-04,807.0,269.0,False,True,False,False,False,375.6666666666667
186.0,1093.0,269.0,4.0,252.2203280067965,2024-04-02,A160,LinkedIn,73.0,2.0,Neutral,44.599999999999994,322.3333333333333,2024-04,807.0,269.0,False,True,False,False,False,322.3333333333333
186.0,1093.0,269.0,4.0,252.2203280067965,2024-04-02,A160,Instagram,89.0,2.9,Neutral,54.559999999999995,269.0,2024-04,807.0,269.0,False,True,False,False,False,269.0
161.0,1094.0,103.0,1.4,108.9862521466038,2024-04-03,A118,Facebook,76.0,3.9,Negative,47.160000000000004,115.33333333333333,2024-04,103.0,103.0,False,False,False,True,False,115.33333333333333
139.0,1095.0,392.0,4.6,370.8041863296717,2024-04-04,A157,Unknown,78.0,3.5,Neutral,48.199999999999996,392.0,2024-04,392.0,392.0,False,True,False,False,False,392.0
184.0,1096.0,273.0,3.0,288.0540074021739,2024-04-05,,Unknown,78.0,3.5,Neutral,48.199999999999996,273.0,2024-04,273.0,273.0,False,True,False,False,False,273.0
179.0,1097.0,274.0,4.3,256.69283013582844,2024-04-06,A111,Instagram,98.0,4.1,Negative,60.44,382.0,2024-04,554.5979389159099,277.29896945795497,False,False,False,True,False,382.0
181.0,1098.0,434.0,3.0,403.4590601622434,2024-04-07,A177,LinkedIn,77.0,1.4,Positive,46.76,434.0,2024-04,868.0,434.0,False,True,False,False,False,434.0
181.0,1098.0,434.0,3.0,403.4590601622434,2024-04-07,A177,Twitter,65.0,1.3,Positive,39.52,434.0,2024-04,868.0,434.0,False,True,False,False,False,434.0
152.0,1099.0,452.0,4.6,411.1075786563825,2024-04-08,A152,Facebook,95.0,4.1,Positive,58.64,356.0,2024-04,904.0,452.0,False,True,False,False,False,356.0
152.0,1099.0,452.0,4.6,411.1075786563825,2024-04-08,A152,Instagram,81.0,4.2,Positive,50.28,404.0,2024-04,904.0,452.0,False,True,False,False,False,404.0
123.0,1100.0,175.0,2.6,170.70953446906816,2024-04-09,,Unknown,78.0,3.5,Neutral,48.199999999999996,232.5,2024-04,175.0,175.0,False,True,False,False,False,232.5
125.0,1101.0,179.0,3.0,194.2332634291696,2024-04-10,A166,Instagram,90.0,3.8,Neutral,55.52,179.0,2024-04,1058.3627865081987,176.39379775136646,False,False,True,False,False,179.0
125.0,1101.0,179.0,3.0,194.2332634291696,2024-04-10,A166,Instagram,74.0,4.3,Neutral,46.12,179.0,2024-04,1058.3627865081987,176.39379775136646,False,False,True,False,False,179.0
125.0,1101.0,179.0,3.0,194.2332634291696,2024-04-10,A166,TikTok,56.0,1.5,Neutral,34.2,179.0,2024-04,1058.3627865081987,176.39379775136646,False,False,True,False,False,179.0
188.0,1102.0,102.0,4.6,105.9904788940664,2024-04-11,A192,Instagram,60.0,4.3,Positive,37.72,242.0,2024-04,475.0,237.5,False,False,True,False,False,242.0
159.0,1103.0,221.0,1.4,215.0589116395873,2024-04-12,A170,Unknown,78.0,3.5,Neutral,48.199999999999996,300.6666666666667,2024-04,420.91342088699145,210.45671044349572,False,False,True,False,False,300.6666666666667
140.0,1104.0,267.0,2.3,290.8466801953582,2024-04-13,A145,Twitter,92.0,2.4,Neutral,56.16,267.0,2024-04,267.0,267.0,False,False,False,True,False,267.0
128.0,1105.0,209.0,4.8,197.17926603761688,2024-04-14,A132,LinkedIn,63.0,3.3,Positive,39.12,209.0,2024-04,427.49939506083115,213.74969753041557,True,False,False,False,False,209.0
114.0,1106.0,247.0,4.8,236.272867458746,2024-04-15,A171,Unknown,78.0,3.5,Neutral,48.199999999999996,197.33333333333334,2024-04,247.0,247.0,False,True,False,False,False,197.33333333333334
144.0,1107.0,465.0,3.3,505.57134889962106,2024-04-16,A116,Twitter,78.0,1.1,Negative,47.239999999999995,465.0,2024-04,2325.0,465.0,False,True,False,False,False,465.0
144.0,1107.0,465.0,3.3,505.57134889962106,2024-04-16,A116,LinkedIn,89.0,2.4,Neutral,54.36,465.0,2024-04,2325.0,465.0,False,True,False,False,False,465.0
144.0,1107.0,465.0,3.3,505.57134889962106,2024-04-16,A116,Instagram,81.0,4.6,Neutral,50.44,465.0,2024-04,2325.0,465.0,False,True,False,False,False,465.0
144.0,1107.0,465.0,3.3,505.57134889962106,2024-04-16,A116,TikTok,83.0,1.2,Negative,50.279999999999994,465.0,2024-04,2325.0,465.0,False,True,False,False,False,465.0
164.0,1108.0,296.0,3.5,288.8293705501604,2024-04-17,A119,Unknown,78.0,3.5,Neutral,48.199999999999996,296.0,2024-04,580.4045776698779,290.20228883493894,False,False,False,True,False,296.0
188.0,1109.0,373.0,2.8,374.9145788307625,2024-04-18,A192,Instagram,60.0,4.3,Positive,37.72,269.0,2024-04,475.0,237.5,False,True,False,False,False,269.0
170.0,1110.0,488.0,3.0,457.5788812866245,2024-04-19,A181,Twitter,66.0,2.1,Positive,40.440000000000005,427.5,2024-04,997.8056837288204,498.9028418644102,False,False,True,False,False,427.5
108.0,1111.0,252.0,2.3,252.26099248427917,2024-04-20,,Unknown,78.0,3.5,Neutral,48.199999999999996,208.5,2024-04,252.0,252.0,True,False,False,False,False,208.5
187.0,1112.0,233.0,3.7,211.39721136648157,2024-04-21,A124,TikTok,75.0,4.6,Neutral,46.84,381.6666666666667,2024-04,1611.0,268.5,False,False,False,False,True,381.6666666666667
187.0,1112.0,233.0,3.7,211.39721136648157,2024-04-21,A124,Facebook,95.0,3.7,Positive,58.48,307.3333333333333,2024-04,1611.0,268.5,False,False,False,False,True,307.3333333333333
187.0,1112.0,233.0,3.7,211.39721136648157,2024-04-21,A124,LinkedIn,77.0,3.2,Positive,47.48,233.0,2024-04,1611.0,268.5,False,False,False,False,True,233.0
100.0,1113.0,172.0,4.0,156.60432377869384,2024-04-22,,Unknown,78.0,3.5,Neutral,48.199999999999996,172.0,2024-04,172.0,172.0,False,True,False,False,False,172.0
107.0,1114.0,450.0,4.2,466.2076899235486,2024-04-23,,Unknown,78.0,3.5,Neutral,48.199999999999996,362.0,2024-04,1313.1007009466093,437.70023364886976,False,False,True,False,False,362.0
187.0,1115.0,304.0,4.2,274.5980612246566,2024-04-24,A124,TikTok,75.0,4.6,Neutral,46.84,256.6666666666667,2024-04,1611.0,268.5,False,False,False,False,True,256.6666666666667
187.0,1115.0,304.0,4.2,274.5980612246566,2024-04-24,A124,Facebook,95.0,3.7,Positive,58.48,280.3333333333333,2024-04,1611.0,268.5,False,False,False,False,True,280.3333333333333
187.0,1115.0,304.0,4.2,274.5980612246566,2024-04-24,A124,LinkedIn,77.0,3.2,Positive,47.48,304.0,2024-04,1611.0,268.5,False,False,False,False,True,304.0
162.0,1116.0,343.0,1.4,353.01774098825894,2024-04-25,A126,TikTok,75.0,3.1,Neutral,46.24,181.66666666666666,2024-04,686.0,343.0,True,False,False,False,False,181.66666666666666
162.0,1116.0,343.0,1.4,353.01774098825894,2024-04-25,A126,Facebook,98.0,4.3,Negative,60.519999999999996,262.3333333333333,2024-04,686.0,343.0,True,False,False,False,False,262.3333333333333
110.0,1117.0,329.0,3.0,361.8166010565752,2024-04-26,A137,LinkedIn,93.0,3.5,Neutral,57.199999999999996,329.0,2024-04,658.0,329.0,False,False,False,False,True,329.0
110.0,1117.0,329.0,3.0,361.8166010565752,2024-04-26,A137,TikTok,99.0,3.1,Positive,60.64,329.0,2024-04,658.0,329.0,False,False,False,False,True,329.0
180.0,1118.0,374.0,1.2,360.2922197532645,2024-04-27,A131,LinkedIn,87.0,3.0,Positive,53.4,287.5,2024-04,374.0,374.0,False,False,True,False,False,287.5
107.0,1119.0,421.0,3.2,398.8224021332152,2024-04-28,,Unknown,78.0,3.5,Neutral,48.199999999999996,381.6666666666667,2024-04,1313.1007009466093,437.70023364886976,False,False,False,False,True,381.6666666666667
134.0,1120.0,147.0,2.8,158.8479075051518,2024-04-29,A120,Facebook,83.0,1.4,Positive,50.36,237.66666666666666,2024-04,1182.0,197.0,False,False,False,True,False,237.66666666666666
134.0,1120.0,147.0,2.8,158.8479075051518,2024-04-29,A120,Instagram,56.0,3.0,Positive,34.800000000000004,192.33333333333334,2024-04,1182.0,197.0,False,False,False,True,False,192.33333333333334
134.0,1120.0,147.0,2.8,158.8479075051518,2024-04-29,A120,Instagram,92.0,3.6,Positive,56.63999999999999,147.0,2024-04,1182.0,197.0,False,False,False,True,False,147.0
134.0,1121.0,247.0,4.6,228.0549343989285,2024-04-30,A120,Facebook,83.0,1.4,Positive,50.36,180.33333333333334,2024-04,1182.0,197.0,False,False,False,False,True,180.33333333333334
134.0,1121.0,247.0,4.6,228.0549343989285,2024-04-30,A120,Instagram,56.0,3.0,Positive,34.800000000000004,213.66666666666666,2024-04,1182.0,197.0,False,False,False,False,True,213.66666666666666
134.0,1121.0,247.0,4.6,228.0549343989285,2024-04-30,A120,Instagram,92.0,3.6,Positive,56.63999999999999,247.0,2024-04,1182.0,197.0,False,False,False,False,True,247.0
132.0,1122.0,444.0,2.4,484.6935028716324,2024-05-01,A134,Unknown,78.0,3.5,Neutral,48.199999999999996,253.0,2024-05,1221.5515527396246,407.18385091320823,False,True,False,False,False,253.0
104.0,1123.0,289.0,1.5,285.3843574734852,2024-05-02,A192,Instagram,60.0,4.3,Positive,37.72,289.0,2024-05,698.0,349.0,False,True,False,False,False,289.0
140.0,1124.0,193.0,1.6,190.34522015899407,2024-05-03,A145,Twitter,92.0,2.4,Neutral,56.16,230.0,2024-05,193.0,193.0,False,False,False,True,False,230.0
127.0,1125.0,146.0,4.0,160.06510872729328,2024-05-04,A144,Twitter,70.0,1.3,Positive,42.52,146.0,2024-05,146.0,146.0,False,False,True,False,False,146.0
106.0,1126.0,250.0,3.5,236.86615123896323,2024-05-05,A102,LinkedIn,51.0,4.8,Neutral,32.519999999999996,323.5,2024-05,250.0,250.0,False,True,False,False,False,323.5
172.0,1127.0,173.0,1.4,165.95181043111967,2024-05-06,,Unknown,78.0,3.5,Neutral,48.199999999999996,206.0,2024-05,173.0,173.0,True,False,False,False,False,206.0
171.0,1128.0,236.0,1.3,232.06036188401265,2024-05-07,,Unknown,78.0,3.5,Neutral,48.199999999999996,181.0,2024-05,236.0,236.0,False,True,False,False,False,181.0
111.0,1129.0,375.0,3.8,409.3405080356053,2024-05-08,A137,LinkedIn,93.0,3.5,Neutral,57.199999999999996,375.0,2024-05,1453.6960465584511,363.4240116396128,False,True,False,False,False,375.0
111.0,1129.0,375.0,3.8,409.3405080356053,2024-05-08,A137,TikTok,99.0,3.1,Positive,60.64,375.0,2024-05,1453.6960465584511,363.4240116396128,False,True,False,False,False,375.0
133.0,1130.0,398.0,1.3,371.8710673005796,2024-05-09,,Unknown,78.0,3.5,Neutral,48.199999999999996,417.0,2024-05,398.0,398.0,False,False,True,False,False,417.0
132.0,1131.0,308.0,4.3,301.2910411204656,2024-05-10,A134,Unknown,78.0,3.5,Neutral,48.199999999999996,271.3333333333333,2024-05,1221.5515527396246,407.18385091320823,False,False,False,False,True,271.3333333333333
147.0,1132.0,197.0,3.8,204.017742549684,2024-05-11,A159,Unknown,78.0,3.5,Neutral,48.199999999999996,216.5,2024-05,197.0,197.0,False,True,False,False,False,216.5
122.0,1133.0,301.0,1.3,305.0592027500556,2024-05-12,A123,Unknown,78.0,3.5,Neutral,48.199999999999996,301.0,2024-05,301.0,301.0,False,False,False,True,False,301.0
161.0,1134.0,492.0,1.3,518.8787335497549,2024-05-13,A118,Facebook,76.0,3.9,Negative,47.160000000000004,248.33333333333334,2024-05,492.0,492.0,False,False,False,False,True,248.33333333333334
187.0,1135.0,469.0,4.9,430.2692999020954,2024-05-14,A124,TikTok,75.0,4.6,Neutral,46.84,359.0,2024-05,1407.0,469.0,True,False,False,False,False,359.0
187.0,1135.0,469.0,4.9,430.2692999020954,2024-05-14,A124,Facebook,95.0,3.7,Positive,58.48,414.0,2024-05,1407.0,469.0,True,False,False,False,False,414.0
187.0,1135.0,469.0,4.9,430.2692999020954,2024-05-14,A124,LinkedIn,77.0,3.2,Positive,47.48,469.0,2024-05,1407.0,469.0,True,False,False,False,False,469.0
136.0,1136.0,452.0,2.5,427.8548661043256,2024-05-15,A107,Twitter,96.0,1.9,Neutral,58.35999999999999,452.0,2024-05,1356.0,452.0,False,False,True,False,False,452.0
136.0,1136.0,452.0,2.5,427.8548661043256,2024-05-15,A107,Facebook,62.0,4.4,Positive,38.959999999999994,452.0,2024-05,1356.0,452.0,False,False,True,False,False,452.0
136.0,1136.0,452.0,2.5,427.8548661043256,2024-05-15,A107,Twitter,73.0,4.2,Positive,45.48,452.0,2024-05,1356.0,452.0,False,False,True,False,False,452.0
198.0,1137.0,395.0,2.5,381.2067609614045,2024-05-16,A132,LinkedIn,63.0,3.3,Positive,39.12,395.0,2024-05,1309.9659285274606,436.65530950915354,True,False,False,False,False,395.0
143.0,1138.0,196.0,4.3,207.08671033114103,2024-05-17,,Unknown,78.0,3.5,Neutral,48.199999999999996,281.6666666666667,2024-05,196.0,196.0,False,False,False,False,True,281.6666666666667
185.0,1139.0,197.0,4.8,213.85594511766053,2024-05-18,,Unknown,78.0,3.5,Neutral,48.199999999999996,197.0,2024-05,197.0,197.0,False,False,False,False,True,197.0
190.0,1140.0,401.0,4.9,417.64553392220034,2024-05-19,A133,Twitter,72.0,1.9,Positive,43.959999999999994,355.6666666666667,2024-05,1203.0,401.0,False,False,False,False,True,355.6666666666667
190.0,1140.0,401.0,4.9,417.64553392220034,2024-05-19,A133,Twitter,71.0,4.8,Negative,44.52,378.3333333333333,2024-05,1203.0,401.0,False,False,False,False,True,378.3333333333333
190.0,1140.0,401.0,4.9,417.64553392220034,2024-05-19,A133,Instagram,52.0,2.7,Positive,32.28,401.0,2024-05,1203.0,401.0,False,False,False,False,True,401.0
134.0,1141.0,248.0,4.0,262.9100322742107,2024-05-20,A120,Facebook,83.0,1.4,Positive,50.36,247.33333333333334,2024-05,744.0,248.0,True,False,False,False,False,247.33333333333334
134.0,1141.0,248.0,4.0,262.9100322742107,2024-05-20,A120,Instagram,56.0,3.0,Positive,34.800000000000004,247.66666666666666,2024-05,744.0,248.0,True,False,False,False,False,247.66666666666666
134.0,1141.0,248.0,4.0,262.9100322742107,2024-05-20,A120,Instagram,92.0,3.6,Positive,56.63999999999999,248.0,2024-05,744.0,248.0,True,False,False,False,False,248.0
164.0,1142.0,357.0,2.5,363.3528807682236,2024-05-21,A119,Unknown,78.0,3.5,Neutral,48.199999999999996,326.5,2024-05,357.0,357.0,False,False,False,False,True,326.5
198.0,1143.0,466.0,3.0,454.8596156002361,2024-05-22,A132,LinkedIn,63.0,3.3,Positive,39.12,430.5,2024-05,1309.9659285274606,436.65530950915354,True,False,False,False,False,430.5
146.0,1144.0,473.0,4.1,462.5909393754743,2024-05-23,A196,Instagram,85.0,3.9,Negative,52.56,328.6666666666667,2024-05,473.0,473.0,False,False,False,False,True,328.6666666666667
177.0,1145.0,177.0,3.2,164.06501896980393,2024-05-24,A183,TikTok,90.0,4.1,Positive,55.64,178.33333333333334,2024-05,354.0,177.0,False,False,False,True,False,178.33333333333334
177.0,1145.0,177.0,3.2,164.06501896980393,2024-05-24,A183,TikTok,72.0,5.0,Positive,45.199999999999996,177.66666666666666,2024-05,354.0,177.0,False,False,False,True,False,177.66666666666666
102.0,1146.0,88.0,2.7,86.63892101144944,2024-05-25,,Unknown,78.0,3.5,Neutral,48.199999999999996,189.66666666666666,2024-05,88.0,88.0,False,False,False,False,True,189.66666666666666
100.0,1147.0,387.0,4.6,362.3241527393887,2024-05-26,,Unknown,78.0,3.5,Neutral,48.199999999999996,279.5,2024-05,387.0,387.0,True,False,False,False,False,279.5
104.0,1148.0,409.0,1.4,406.1850394012927,2024-05-27,A192,Instagram,60.0,4.3,Positive,37.72,349.0,2024-05,698.0,349.0,False,True,False,False,False,349.0
189.0,1149.0,178.0,3.0,168.4298309825677,2024-05-28,A173,TikTok,63.0,4.3,Negative,39.519999999999996,288.6666666666667,2024-05,356.0,178.0,False,False,False,False,True,288.6666666666667
189.0,1149.0,178.0,3.0,168.4298309825677,2024-05-28,A173,Facebook,78.0,3.9,Negative,48.36,233.33333333333334,2024-05,356.0,178.0,False,False,False,False,True,233.33333333333334
113.0,1150.0,316.0,1.0,346.0158629817545,2024-05-29,A196,Instagram,85.0,3.9,Negative,52.56,325.0,2024-05,316.0,316.0,False,True,False,False,False,325.0
182.63215343058636,1122.3644438527676,473.0558575287413,4.541212603226734,458.20482955057753,2024-01-01,,Unknown,78.0,3.5,Neutral,48.199999999999996,473.0558575287413,2024-01,473.0558575287413,473.0558575287413,True,False,False,False,False,473.0558575287413
104.7676655513272,1070.6892341064126,281.3610802661498,1.5348501673009196,295.5670040781047,2024-01-02,,Unknown,78.0,3.5,Neutral,48.199999999999996,281.3610802661498,2024-01,281.3610802661498,281.3610802661498,True,False,False,False,False,281.3610802661498
193.18234124789768,1134.1896990612736,388.0411595802966,2.3527937603524287,426.7681072159507,2024-01-03,,Unknown,78.0,3.5,Neutral,48.199999999999996,388.0411595802966,2024-01,388.0411595802966,388.0411595802966,True,False,False,False,False,388.0411595802966
183.04460046972835,1065.6568655989036,141.65686559890366,2.6595539953027165,147.76307132466414,2024-01-04,,Unknown,78.0,3.5,Neutral,48.199999999999996,141.65686559890366,2024-01,287.9150880846658,143.9575440423329,True,False,False,False,False,141.65686559890366
178.17396782171073,1084.602629243093,375.17396782171073,1.6503129066447455,404.9839877205316,2024-01-05,,Unknown,78.0,3.5,Neutral,48.199999999999996,375.17396782171073,2024-01,784.9490999031835,392.47454995159177,True,False,False,False,False,375.17396782171073
197.99135977950567,1085.1766202281678,162.30876741443703,2.5226429437253826,176.82109017661617,2024-01-06,,Unknown,78.0,3.5,Neutral,48.199999999999996,162.30876741443703,2024-01,313.9285065589439,156.96425327947196,True,False,False,False,False,162.30876741443703
159.09027044351402,1036.3239665048725,110.69909852161994,2.939117192189407,120.2797584501324,2024-01-07,,Unknown,78.0,3.5,Neutral,48.199999999999996,110.69909852161994,2024-01,110.69909852161994,110.69909852161994,True,False,False,False,False,110.69909852161994
146.6702294367983,1041.0053441551977,160.35114718399157,3.5167557359199577,151.18768794992175,2024-01-08,,Unknown,78.0,3.5,Neutral,48.199999999999996,160.35114718399157,2024-01,160.35114718399157,160.35114718399157,True,False,False,False,False,160.35114718399157
181.05450490100827,1117.8005320350596,474.5208168776352,4.411620045439965,453.9107932046478,2024-01-09,,Unknown,78.0,3.5,Neutral,48.199999999999996,474.5208168776352,2024-01,986.3541948514801,493.17709742574004,True,False,False,False,False,474.5208168776352
100.1818249672071,1130.9994028857752,390.8183243113491,4.218167568865089,403.40574520977367,2024-01-10,,Unknown,78.0,3.5,Neutral,48.199999999999996,390.8183243113491,2024-01,390.8183243113491,390.8183243113491,True,False,False,False,False,390.8183243113491
153.84580488982596,1111.3000139315138,439.5416724714641,2.6674996517121548,470.58428609741657,2024-01-11,,Unknown,78.0,3.5,Neutral,48.199999999999996,439.5416724714641,2024-01,439.5416724714641,439.5416724714641,False,True,False,False,False,439.5416724714641
185.30067727291396,1101.9017809769218,369.0010033672799,2.7800050168363994,360.3966873124872,2024-01-12,,Unknown,78.0,3.5,Neutral,48.199999999999996,369.0010033672799,2024-01,756.8061849021354,378.4030924510677,False,True,False,False,False,369.0010033672799
166.71154653743358,1053.4656403046208,445.5329601107712,3.8407511080341328,417.3025481457884,2024-01-13,,Unknown,78.0,3.5,Neutral,48.199999999999996,445.5329601107712,2024-01,445.5329601107712,445.5329601107712,False,True,False,False,False,445.5329601107712
107.33708611139022,1117.3269536106366,274.98423833216106,2.601238416758772,270.33437578801335,2024-01-14,,Unknown,78.0,3.5,Neutral,48.199999999999996,274.98423833216106,2024-01,1155.597706926498,288.8994267316245,False,True,False,False,False,274.98423833216106
149.14266364156117,1102.285936812205,450.85706545662447,4.2856930005717295,456.6891379447412,2024-01-15,,Unknown,78.0,3.5,Neutral,48.199999999999996,450.85706545662447,2024-01,450.85706545662447,450.85706545662447,False,True,False,False,False,450.85706545662447
183.556219310642,1017.775122757432,450.29580315012,3.392310029667017,449.5616418021404,2024-01-16,,Unknown,78.0,3.5,Neutral,48.199999999999996,450.29580315012,2024-01,450.29580315012,450.29580315012,False,True,False,False,False,450.29580315012
134.7641673723279,1120.6461221033496,443.435884209729,2.43384694741626,447.5564629371653,2024-01-17,,Unknown,78.0,3.5,Neutral,48.199999999999996,443.435884209729,2024-01,443.435884209729,443.435884209729,False,True,False,False,False,443.435884209729
153.79654298686023,1049.917538446752,341.51062442047254,3.3051855197096507,330.2395434514676,2024-01-18,,Unknown,78.0,3.5,Neutral,48.199999999999996,341.51062442047254,2024-01,693.0053256439325,346.5026628219662,False,False,True,False,False,341.51062442047254
160.10833449429282,1062.345874547395,91.85418117866024,1.6674996517121548,85.97014585079629,2024-01-19,,Unknown,78.0,3.5,Neutral,48.199999999999996,91.85418117866024,2024-01,91.85418117866024,91.85418117866024,False,False,False,True,False,91.85418117866024
147.39889629599213,1075.601605387648,437.09947323217807,4.079979932654402,454.3976619336012,2024-01-20,,Unknown,78.0,3.5,Neutral,48.199999999999996,437.09947323217807,2024-01,437.09947323217807,437.09947323217807,False,False,False,True,False,437.09947323217807
124.8809423822251,1045.7994401661567,208.99220900273707,3.5836995567863466,215.8292050209466,2024-01-21,,Unknown,78.0,3.5,Neutral,48.199999999999996,208.99220900273707,2024-01,208.99220900273707,208.99220900273707,False,False,False,True,False,208.99220900273707
165.98536416557815,1099.335960277973,271.66403972202687,3.632582777721957,272.1425477594522,2024-01-22,,Unknown,78.0,3.5,Neutral,48.199999999999996,271.66403972202687,2024-01,271.66403972202687,271.66403972202687,False,False,False,True,False,271.66403972202687
188.8571331820781,1056.4285327283123,289.143340896097,3.2142866817921942,271.33603398626025,2024-01-23,,Unknown,78.0,3.5,Neutral,48.199999999999996,289.143340896097,2024-01,553.8744100414376,276.9372050207188,False,False,False,True,False,289.143340896097
160.3017769458977,1033.4142155671816,77.34911152705115,2.6508884729488527,82.19318403185186,2024-01-24,,Unknown,78.0,3.5,Neutral,48.199999999999996,77.34911152705115,2024-01,77.34911152705115,77.34911152705115,False,False,False,True,False,77.34911152705115
160.8871768419458,1089.994777889076,101.5897105243225,1.43384694741626,111.28107514565458,2024-01-25,,Unknown,78.0,3.5,Neutral,48.199999999999996,101.5897105243225,2024-01,101.5897105243225,101.5897105243225,False,False,False,True,False,101.5897105243225
121.0,1151.0,140.0230545048301,3.9,135.26599801634663,2024-01-15,A185,TikTok,90.0,3.4,Neutral,55.36,204.00768483494335,2024-01,2084.09221801932,173.67435150161,False,False,False,False,True,204.00768483494335
121.0,1151.0,140.0230545048301,3.9,135.26599801634663,2024-01-15,A185,Facebook,78.0,2.4,Positive,47.76,172.01536966988672,2024-01,2084.09221801932,173.67435150161,False,False,False,False,True,172.01536966988672
121.0,1151.0,140.0230545048301,3.9,135.26599801634663,2024-01-15,A185,TikTok,59.0,3.6,Positive,36.839999999999996,140.0230545048301,2024-01,2084.09221801932,173.67435150161,False,False,False,False,True,140.0230545048301
121.0,1151.0,140.0230545048301,3.9,135.26599801634663,2024-01-15,A185,TikTok,50.0,1.5,Negative,30.6,140.0230545048301,2024-01,2084.09221801932,173.67435150161,False,False,False,False,True,140.0230545048301
174.0,1151.0,108.7607894744868,2.6,114.44735784738418,2024-01-10,A148,Facebook,75.0,1.7,Neutral,45.68,149.58692982482893,2024-01,552.9095331431124,138.2273832857781,False,False,False,False,True,149.58692982482893
148.0,1151.0,142.5365469395101,4.4,131.81120909159148,2024-01-30,,Unknown,78.0,3.5,Neutral,48.199999999999996,138.76827346975506,2024-01,277.5365469395101,138.76827346975506,False,False,False,False,True,138.76827346975506
150.0,1151.0,420.5441081497027,3.0,423.6143343663864,2024-02-11,A143,Instagram,68.0,1.2,Negative,41.279999999999994,328.8480360499009,2024-02,1339.490785496901,334.87269637422526,False,False,False,False,True,328.8480360499009
191.0,1151.0,423.0983564036514,4.6,426.8013261160971,2024-03-01,A114,Facebook,87.0,4.8,Negative,54.12,325.6994521345505,2024-03,883.0983564036515,441.5491782018257,False,False,False,False,True,325.6994521345505
150.0,1151.0,352.94667734719843,3.0,453.7353795490636,2024-02-11,A143,Instagram,68.0,1.2,Negative,41.279999999999994,316.8302618323004,2024-02,1339.490785496901,334.87269637422526,False,False,False,False,True,316.8302618323004
174.0,1151.0,104.14874366862564,2.6,112.85354484573011,2024-01-10,A148,Facebook,75.0,1.7,Neutral,45.68,108.3031777143708,2024-01,552.9095331431124,138.2273832857781,False,False,False,False,True,108.3031777143708
107.0,1151.0,442.1007009466094,4.2,443.5096218600295,2024-04-23,,Unknown,78.0,3.5,Neutral,48.199999999999996,437.70023364886976,2024-04,1313.1007009466093,437.70023364886976,False,False,True,False,False,437.70023364886976
153.79654298686023,1151.0,351.4947012234599,3.3051855197096507,352.9081032968298,2024-01-18,,Unknown,78.0,3.5,Neutral,48.199999999999996,346.5026628219662,2024-01,693.0053256439325,346.5026628219662,False,False,True,False,False,346.5026628219662
159.0,1151.0,199.91342088699145,1.4,203.33168350898285,2024-04-12,A170,Unknown,78.0,3.5,Neutral,48.199999999999996,202.30447362899713,2024-04,420.91342088699145,210.45671044349572,False,False,True,False,False,202.30447362899713
125.0,1151.0,173.78759550273293,3.0,205.0681145958261,2024-04-10,A166,Instagram,90.0,3.8,Neutral,55.52,177.26253183424433,2024-04,1058.3627865081987,176.39379775136646,False,False,True,False,False,177.26253183424433
125.0,1151.0,173.78759550273293,3.0,205.0681145958261,2024-04-10,A166,Instagram,74.0,4.3,Neutral,46.12,175.52506366848863,2024-04,1058.3627865081987,176.39379775136646,False,False,True,False,False,175.52506366848863
125.0,1151.0,173.78759550273293,3.0,205.0681145958261,2024-04-10,A166,TikTok,56.0,1.5,Neutral,34.2,173.78759550273293,2024-04,1058.3627865081987,176.39379775136646,False,False,True,False,False,173.78759550273293
199.0,1151.0,278.5143502615917,1.6,275.32368914979253,2024-01-12,A178,LinkedIn,74.0,4.9,Positive,46.36,200.83811675386391,2024-01,1675.543050784775,279.2571751307958,False,False,True,False,False,200.83811675386391
199.0,1151.0,278.5143502615917,1.6,275.32368914979253,2024-01-12,A178,LinkedIn,53.0,1.5,Neutral,32.4,239.6762335077278,2024-01,1675.543050784775,279.2571751307958,False,False,True,False,False,239.6762335077278
199.0,1151.0,278.5143502615917,1.6,275.32368914979253,2024-01-12,A178,TikTok,68.0,3.5,Negative,42.199999999999996,278.5143502615917,2024-01,1675.543050784775,279.2571751307958,False,False,True,False,False,278.5143502615917
170.0,1151.0,509.8056837288205,3.0,494.50594992011867,2024-04-19,A181,Twitter,66.0,2.1,Positive,40.440000000000005,454.9352279096068,2024-04,997.8056837288204,498.9028418644102,False,False,True,False,False,454.9352279096068
183.0,1151.0,255.5177498933604,4.8,229.91997791320392,2024-02-29,A183,TikTok,90.0,4.1,Positive,55.64,249.83924996445344,2024-02,1005.0354997867207,251.25887494668018,False,False,True,False,False,249.83924996445344
183.0,1151.0,255.5177498933604,4.8,229.91997791320392,2024-02-29,A183,TikTok,72.0,5.0,Positive,45.199999999999996,252.67849992890692,2024-02,1005.0354997867207,251.25887494668018,False,False,True,False,False,252.67849992890692
107.33708611139022,1151.0,294.8859644720513,2.601238416758772,294.11996465247506,2024-01-14,,Unknown,78.0,3.5,Neutral,48.199999999999996,284.93510140210617,2024-01,1155.597706926498,288.8994267316245,False,True,False,False,False,284.93510140210617
177.0,1151.0,171.3003480205194,4.0,203.16463263772323,2024-04-01,A183,TikTok,90.0,4.1,Positive,55.64,175.1001160068398,2024-04,700.6006960410389,175.15017401025972,False,True,False,False,False,175.1001160068398
177.0,1151.0,171.3003480205194,4.0,203.16463263772323,2024-04-01,A183,TikTok,72.0,5.0,Positive,45.199999999999996,173.20023201367962,2024-04,700.6006960410389,175.15017401025972,False,True,False,False,False,173.20023201367962
111.0,1151.0,351.84802327922563,3.8,371.5574537881383,2024-05-08,A137,LinkedIn,93.0,3.5,Neutral,57.199999999999996,367.2826744264085,2024-05,1453.6960465584511,363.4240116396128,False,True,False,False,False,367.2826744264085
111.0,1151.0,351.84802327922563,3.8,371.5574537881383,2024-05-08,A137,TikTok,99.0,3.1,Positive,60.64,359.56534885281707,2024-05,1453.6960465584511,363.4240116396128,False,True,False,False,False,359.56534885281707
132.0,1151.0,469.55155273962464,2.4,481.7240762857752,2024-05-01,A134,Unknown,78.0,3.5,Neutral,48.199999999999996,407.18385091320823,2024-05,1221.5515527396246,407.18385091320823,False,True,False,False,False,407.18385091320823
107.33708611139022,1151.0,293.5228825075448,2.601238416758772,273.82526248504803,2024-01-14,,Unknown,78.0,3.5,Neutral,48.199999999999996,287.79769510391907,2024-01,1155.597706926498,288.8994267316245,False,True,False,False,False,287.79769510391907
185.30067727291396,1151.0,387.80518153485554,2.7800050168363994,384.2134645947833,2024-01-12,,Unknown,78.0,3.5,Neutral,48.199999999999996,378.4030924510677,2024-01,756.8061849021354,378.4030924510677,False,True,False,False,False,378.4030924510677
107.33708611139022,1151.0,292.2046216147408,2.601238416758772,255.08697620578076,2024-01-14,,Unknown,78.0,3.5,Neutral,48.199999999999996,293.53782286477895,2024-01,1155.597706926498,288.8994267316245,False,True,False,False,False,293.53782286477895
120.0,1151.0,363.9028666849217,1.1,448.6360557381748,2024-01-06,A159,Unknown,78.0,3.5,Neutral,48.199999999999996,242.96762222830725,2024-01,1205.7690152881487,301.4422538220372,False,False,False,True,False,242.96762222830725
179.0,1151.0,280.59793891590994,4.3,263.81881753109224,2024-04-06,A111,Instagram,98.0,4.1,Negative,60.44,348.19931297196996,2024-04,554.5979389159099,277.29896945795497,False,False,False,True,False,348.19931297196996
189.0,1151.0,286.8238635105488,3.2,295.4796173586309,2024-02-26,A173,TikTok,63.0,4.3,Negative,39.519999999999996,214.27462117018294,2024-02,1137.6477270210976,284.4119317552744,False,False,False,True,False,214.27462117018294
189.0,1151.0,286.8238635105488,3.2,295.4796173586309,2024-02-26,A173,Facebook,78.0,3.9,Negative,48.36,250.54924234036585,2024-02,1137.6477270210976,284.4119317552744,False,False,False,True,False,250.54924234036585
101.0,1151.0,180.7452214387941,3.4,195.112202066031,2024-01-21,A116,Twitter,78.0,1.1,Negative,47.239999999999995,156.91507381293135,2024-01,3218.7261071939706,214.58174047959804,False,False,False,True,False,156.91507381293135
101.0,1151.0,180.7452214387941,3.4,195.112202066031,2024-01-21,A116,LinkedIn,89.0,2.4,Neutral,54.36,168.83014762586274,2024-01,3218.7261071939706,214.58174047959804,False,False,False,True,False,168.83014762586274
101.0,1151.0,180.7452214387941,3.4,195.112202066031,2024-01-21,A116,Instagram,81.0,4.6,Neutral,50.44,180.7452214387941,2024-01,3218.7261071939706,214.58174047959804,False,False,False,True,False,180.7452214387941
101.0,1151.0,180.7452214387941,3.4,195.112202066031,2024-01-21,A116,TikTok,83.0,1.2,Negative,50.279999999999994,180.7452214387941,2024-01,3218.7261071939706,214.58174047959804,False,False,False,True,False,180.7452214387941
101.0,1151.0,180.7452214387941,3.4,195.112202066031,2024-01-21,A116,Twitter,78.0,1.1,Negative,47.239999999999995,180.7452214387941,2024-01,3218.7261071939706,214.58174047959804,False,False,False,True,False,180.7452214387941
188.8571331820781,1151.0,264.7310691453406,3.2142866817921942,264.4693277649285,2024-01-23,,Unknown,78.0,3.5,Neutral,48.199999999999996,276.9372050207188,2024-01,553.8744100414376,276.9372050207188,False,False,False,True,False,276.9372050207188
120.0,1151.0,361.8661486032269,1.1,406.2616128061622,2024-01-06,A159,Unknown,78.0,3.5,Neutral,48.199999999999996,335.2563384293829,2024-01,1205.7690152881487,301.4422538220372,False,False,False,True,False,335.2563384293829
164.0,1151.0,284.4045776698778,3.5,271.2639819763975,2024-04-17,A119,Unknown,78.0,3.5,Neutral,48.199999999999996,312.468192556626,2024-04,580.4045776698779,290.20228883493894,False,False,False,True,False,312.468192556626
197.99135977950567,1151.0,151.6197391445069,2.5226429437253826,184.5685806204401,2024-01-06,,Unknown,78.0,3.5,Neutral,48.199999999999996,156.96425327947196,2024-01,313.9285065589439,156.96425327947196,True,False,False,False,False,156.96425327947196
183.04460046972835,1151.0,146.25822248576213,2.6595539953027165,153.73870785351386,2024-01-04,,Unknown,78.0,3.5,Neutral,48.199999999999996,143.9575440423329,2024-01,287.9150880846658,143.9575440423329,True,False,False,False,False,143.9575440423329
113.0,1151.0,451.22222308766777,4.1,424.73992245100106,2024-03-27,A196,Instagram,85.0,3.9,Negative,52.56,418.7407410292226,2024-03,940.2222230876678,470.1111115438339,True,False,False,False,False,418.7407410292226
178.17396782171073,1151.0,409.7751320814728,1.6503129066447455,408.1441634995709,2024-01-05,,Unknown,78.0,3.5,Neutral,48.199999999999996,392.47454995159177,2024-01,784.9490999031835,392.47454995159177,True,False,False,False,False,392.47454995159177
198.0,1151.0,448.9659285274605,3.0,420.56626686022855,2024-05-22,A132,LinkedIn,63.0,3.3,Positive,39.12,436.65530950915354,2024-05,1309.9659285274606,436.65530950915354,True,False,False,False,False,436.65530950915354
128.0,1151.0,218.49939506083115,4.8,195.47978067369675,2024-04-14,A132,LinkedIn,63.0,3.3,Positive,39.12,213.74969753041557,2024-04,427.49939506083115,213.74969753041557,True,False,False,False,False,213.74969753041557
181.05450490100827,1151.0,511.8333779738449,4.411620045439965,464.9860633083197,2024-01-09,,Unknown,78.0,3.5,Neutral,48.199999999999996,493.17709742574004,2024-01,986.3541948514801,493.17709742574004,True,False,False,False,False,493.17709742574004
